{
  "advancedEditorSelectedIdentifier" : "ProjectBrowser",
  "openSceneRelativePaths" : [
    "SceneTestWallMountPump.usda"
  ],
  "recentIdentifiers" : {
    "255D9D5B-1D83-4203-AAA4-FD7046BFC607" : [

    ]
  },
  "sceneCameraHistory" : {
    "255D9D5B-1D83-4203-AAA4-FD7046BFC607" : [
      {
        "date" : 775761520.150673,
        "title" : "Untitled",
        "transform" : [
          0.9880004,
          -0.11625698,
          -0.101683654,
          0,
          0.11654946,
          0.12918052,
          0.984748,
          0,
          -0.10134828,
          -0.9847826,
          0.1411801,
          0,
          2.5826283,
          -0.33418757,
          -27.82762,
          1
        ]
      },
      {
        "date" : 775761511.684206,
        "title" : "Untitled",
        "transform" : [
          0.9880004,
          -0.11625698,
          -0.101683654,
          0,
          0.11654946,
          0.12918052,
          0.984748,
          0,
          -0.10134828,
          -0.9847826,
          0.1411801,
          0,
          2.5826283,
          -0.33418757,
          -27.82762,
          1
        ]
      },
      {
        "date" : 775761502.255164,
        "title" : "Untitled",
        "transform" : [
          -0.90135574,
          -2.1497707e-08,
          -0.43307942,
          0,
          0.13374987,
          0.9511157,
          -0.2783698,
          0,
          0.4119087,
          -0.30883458,
          -0.8572937,
          0,
          2.5826283,
          -0.33418757,
          -27.82762,
          1
        ]
      },
      {
        "date" : 775761065.664763,
        "title" : "Untitled",
        "transform" : [
          -0.90135574,
          -3.880127e-08,
          -0.43307933,
          0,
          0.1337498,
          0.9511158,
          -0.27836987,
          0,
          0.4119087,
          -0.30883458,
          -0.8572937,
          0,
          2.5826283,
          -0.33418757,
          -27.82762,
          1
        ]
      },
      {
        "date" : 775761061.918056,
        "title" : "Untitled",
        "transform" : [
          -0.90135574,
          -3.880127e-08,
          -0.43307933,
          0,
          0.1337498,
          0.9511158,
          -0.27836987,
          0,
          0.4119087,
          -0.30883458,
          -0.8572937,
          0,
          3.1943119,
          -0.7928074,
          -29.100693,
          1
        ]
      },
      {
        "date" : 775761057.979537,
        "title" : "Untitled",
        "transform" : [
          -0.90135574,
          -3.880127e-08,
          -0.43307933,
          0,
          0.1337498,
          0.9511158,
          -0.27836987,
          0,
          0.4119087,
          -0.30883458,
          -0.8572937,
          0,
          0.56723714,
          -0.5978292,
          -30.433157,
          1
        ]
      },
      {
        "date" : 775759909.377139,
        "title" : "Untitled",
        "transform" : [
          -0.8974371,
          -3.9602412e-08,
          0.44114238,
          0,
          -0.121391185,
          0.96139437,
          -0.24695171,
          0,
          -0.42411172,
          -0.27517444,
          -0.86279106,
          0,
          -23.580463,
          0.37646055,
          -19.252954,
          1
        ]
      },
      {
        "date" : 775759896.123984,
        "title" : "Untitled",
        "transform" : [
          -0.6271409,
          -2.1568242e-08,
          0.7789058,
          0,
          0.72850835,
          0.3538634,
          0.58656317,
          0,
          -0.27562624,
          0.9352972,
          -0.22192225,
          0,
          -7.276284,
          29.782473,
          15.106925,
          1
        ]
      },
      {
        "date" : 775759882.501938,
        "title" : "Untitled",
        "transform" : [
          -0.7433598,
          -1.9922932e-09,
          -0.66889185,
          0,
          -0.039017472,
          0.99829733,
          0.043361295,
          0,
          0.667753,
          0.05833151,
          -0.74209404,
          0,
          -3.187748,
          1.0327917,
          -8.248029,
          1
        ]
      },
      {
        "date" : 775759870.371591,
        "title" : "Untitled",
        "transform" : [
          -0.97870696,
          -1.2338922e-08,
          0.20526236,
          0,
          0.15734124,
          0.64219964,
          0.7502156,
          0,
          -0.13181935,
          0.7665374,
          -0.6285253,
          0,
          4.133109,
          5.025419,
          6.270459,
          1
        ]
      }
    ],
    "D0E65BB9-6786-4675-A015-E7610630139C" : [
      {
        "date" : 775759450.486452,
        "title" : "Untitled",
        "transform" : [
          0.97294456,
          0.023336435,
          0.2298572,
          0,
          -0.2290782,
          0.22677498,
          0.9466236,
          0,
          -0.030035045,
          -0.97366756,
          0.22598535,
          0,
          3.2711112,
          2.9495833,
          6.6400023,
          1
        ]
      },
      {
        "date" : 775736622.89987,
        "title" : "Untitled",
        "transform" : [
          0.97294456,
          0.023336435,
          0.2298572,
          0,
          -0.2290782,
          0.22677498,
          0.9466236,
          0,
          -0.030035045,
          -0.97366756,
          0.22598535,
          0,
          3.2777066,
          2.9789994,
          6.7676196,
          1
        ]
      },
      {
        "date" : 775635008.022501,
        "title" : "Untitled",
        "transform" : [
          0.97294456,
          0.023336435,
          0.2298572,
          0,
          -0.2290782,
          0.22677498,
          0.9466236,
          0,
          -0.030035045,
          -0.97366756,
          0.22598535,
          0,
          3.4195504,
          2.9700198,
          6.747782,
          1
        ]
      },
      {
        "date" : 775635001.032772,
        "title" : "Untitled",
        "transform" : [
          0.8526321,
          -9.250461e-05,
          0.5225117,
          0,
          -0.5071627,
          0.24045281,
          0.8276282,
          0,
          -0.12571597,
          -0.9706608,
          0.20497087,
          0,
          3.3265207,
          2.2517319,
          6.8994613,
          1
        ]
      },
      {
        "date" : 775634997.597798,
        "title" : "Untitled",
        "transform" : [
          0.8526321,
          -9.250461e-05,
          0.5225117,
          0,
          -0.5071627,
          0.24045281,
          0.8276282,
          0,
          -0.12571597,
          -0.9706608,
          0.20497087,
          0,
          3.0983474,
          0.48998347,
          7.271482,
          1
        ]
      },
      {
        "date" : 775634992.063858,
        "title" : "Untitled",
        "transform" : [
          0.8526321,
          -9.250461e-05,
          0.5225117,
          0,
          -0.5071627,
          0.24045281,
          0.8276282,
          0,
          -0.12571597,
          -0.9706608,
          0.20497087,
          0,
          2.8330872,
          -1.5581102,
          7.7039723,
          1
        ]
      },
      {
        "date" : 775634971.663957,
        "title" : "Untitled",
        "transform" : [
          0.91574174,
          0.001747809,
          0.4017635,
          0,
          -0.36471716,
          0.42305452,
          0.8294614,
          0,
          -0.16851814,
          -0.90610254,
          0.38804618,
          0,
          2.8330872,
          -1.5581102,
          7.7039723,
          1
        ]
      },
      {
        "date" : 775634853.865495,
        "title" : "Untitled",
        "transform" : [
          0.9614714,
          1.3959465e-08,
          -0.2749047,
          0,
          0.09798316,
          0.9343237,
          0.34269318,
          0,
          0.2568499,
          -0.35642573,
          0.89832556,
          0,
          2.8330872,
          -1.5581102,
          7.7039723,
          1
        ]
      },
      {
        "date" : 775634823.756231,
        "title" : "Untitled",
        "transform" : [
          0.98481494,
          -2.5956788e-09,
          -0.17360708,
          0,
          -0.17238852,
          0.1182737,
          -0.9779027,
          0,
          0.02053309,
          0.9929811,
          0.1164777,
          0,
          0.51330155,
          8.319029,
          -0.5792802,
          1
        ]
      },
      {
        "date" : 775634798.082589,
        "title" : "Untitled",
        "transform" : [
          0.50983685,
          -3.9820955e-09,
          0.8602712,
          0,
          0.83054173,
          0.26061893,
          -0.49221775,
          0,
          -0.22420293,
          0.96544176,
          0.13287306,
          0,
          -0.34187123,
          8.297513,
          0.8787745,
          1
        ]
      }
    ]
  },
  "sceneViewportBackgroundColors" : {

  },
  "selectedSceneRelativePath" : "SceneTestWallMountPump.usda"
}